35 29 28
35 32 31
36 35 35
37 38 39
38 41 42
38 43 46
39 46 49
40 49 53
41 52 56
41 55 60
42 57 64
43 60 67
44 63 71
44 66 74
45 69 78
46 72 81
46 74 85
47 77 89
48 80 92
49 83 96
49 86 99
50 88 103
51 91 106
51 94 110
52 97 114
53 100 117
54 102 121
54 105 124
55 108 128
56 111 132
57 114 135
57 117 139
58 119 142
59 122 146
59 125 149
60 128 153
61 131 157
62 133 160
62 136 164
63 139 167
64 142 171
65 145 174
65 147 178
66 150 182
67 153 185
68 156 189
68 159 192
69 162 196
70 164 199
70 167 203
71 170 207
72 173 210
73 176 214
73 178 217
74 181 221
75 184 224
75 187 228
76 190 232
77 192 235
78 195 239
78 198 242
79 201 246
80 204 250
81 207 253
81 209 255
82 209 253
83 209 251
84 210 248
85 210 246
85 210 244
86 211 241
87 211 239
88 211 237
89 211 234
89 212 232
90 212 230
91 212 227
92 213 225
93 213 223
93 213 220
94 214 218
95 214 216
96 214 213
97 214 211
97 215 209
98 215 206
99 215 204
100 216 202
101 216 199
101 216 197
102 217 195
103 217 192
104 217 190
105 218 188
105 218 185
106 218 183
107 218 181
108 219 178
109 219 176
109 219 174
110 220 171
111 220 169
112 220 167
113 221 164
113 221 162
114 221 160
115 221 157
116 222 155
117 222 153
117 222 150
118 223 148
119 223 146
120 223 143
121 224 141
121 224 139
122 224 136
123 224 134
124 225 132
125 225 130
125 225 127
126 226 125
127 226 123
128 226 120
129 227 118
129 227 116
130 227 113
131 228 111
132 228 109
133 227 107
135 226 106
137 224 106
139 223 105
141 222 104
143 220 104
145 219 103
147 217 102
149 216 102
151 214 101
152 213 100
154 212 100
156 210 99
158 209 98
160 207 98
162 206 97
164 205 96
166 203 96
168 202 95
170 200 94
172 199 94
174 197 93
176 196 92
178 195 92
180 193 91
182 192 90
184 190 90
185 189 89
187 188 88
189 186 88
191 185 87
193 183 86
195 182 86
197 180 85
199 179 84
201 178 84
203 176 83
205 175 82
207 173 82
209 172 81
211 171 80
213 169 80
215 168 79
217 166 78
218 165 78
220 163 77
222 162 76
224 161 76
226 159 75
228 158 74
230 156 74
232 155 73
234 153 72
236 152 72
238 151 71
240 149 70
242 148 70
244 146 69
246 145 68
248 144 68
249 142 67
251 141 66
253 139 66
255 138 65
255 139 66
255 141 67
255 143 69
255 145 70
255 146 72
255 148 73
255 150 75
255 152 76
255 154 78
255 156 79
255 157 81
255 159 82
255 161 84
255 163 85
255 165 87
255 167 88
255 169 90
255 170 91
255 172 93
255 174 94
255 176 96
255 178 97
255 180 99
255 182 100
255 183 102
255 185 103
255 187 104
255 189 106
255 191 107
255 193 109
255 195 110
255 196 112
255 198 113
255 200 115
255 202 116
255 204 118
255 206 119
255 208 121
255 209 122
255 211 124
255 213 125
255 215 127
255 217 128
255 219 130
255 221 131
255 222 133
255 224 134
255 226 136
255 228 137
255 230 138
255 232 140
255 234 141
255 235 143
255 237 144
255 239 146
255 241 147
255 243 149
255 245 150
255 247 152
255 248 153
255 250 155
255 252 156
255 254 158
255 255 159