1020   299   6.23      
0   299   6.23   -3   3.5
9   297   7.54   -2.2   1.5
23   295   6.3   -1.9   1.2
38   292   5.38   -1.8   1.3
51   292   5.57   -2   1.6
61   292   5.64   -2.1   1.8
74   292   5.65   -2.3   1.9
86   292   5.72   -2.5   2
101   292   5.61   -2.6   2
113   292   5.62   -2.8   2.1
126   292   5.75   -2.9   2.1
136   292   5.69   -3   2
147   292   5.64   -3.2   1.9
157   292   5.71   -3.3   1.7
165   292   5.71   -3.4   1.7
176   292   5.85   -3.5   1.5
184   292   5.92   -3.5   1.5
192   292   5.8   -3.5   1.4
203   292   5.74   -3.7   1.4
215   292   5.81   -3.7   1.4
228   292   5.82   -3.7   1.4
240   292   5.83   -3.8   1.4
253   292   5.77   -3.9   1.4
267   292   5.72   -4   1.4
282   292   5.79   -4.1   1.4
294   292   5.74   -4.2   1.4
307   292   5.75   -4.3   1.4
321   292   5.76   -4.4   1.4
334   292   5.76   -4.5   1.6
348   292   5.77   -4.6   1.6
365   292   5.85   -4.7   1.8
377   292   5.73   -4.7   1.9
392   292   5.67   -4.7   2.1
406   292   5.75   -4.8   2.3
418   292   5.69   -4.7   2.5
435   292   5.7   -4.6   2.8
451   292   5.58   -4.5   2.9
466   292   5.59   -4.4   3.1
480   292   5.67   -4.3   3.3
495   292   5.88   -4.1   3.4
511   292   5.69   -3.9   3.5
526   292   5.83   -3.7   3.6
538   292   5.91   -3.5   3.7
554   292   5.85   -3.3   3.7
569   292   6.06   -3.1   3.7
585   292   6.01   -2.9   3.8
602   292   6.09   -2.7   3.8
616   292   6.16   -2.5   3.8
633   292   6.11   -2.2   3.9
649   292   6.12   -2   3.9
665   292   6.13   -1.8   3.9
680   292   6.14   -1.5   3.9
696   292   6.22   -1.2   4
710   292   6.17   -0.9   4.1
727   293   6.18   -0.7   4.2
743   293   6.19   -0.5   4.3
760   293   6.07   -0.2   4.4
774   293   6.08   -0.1   4.5
790   293   6.02   0.2   4.6
807   293   6.03   0.3   4.7
823   293   6.04   0.5   4.8
839   293   5.99   0.7   4.9
856   293   5.86   0.8   5
872   293   5.87   1   5.1
888   293   6.02   1.1   5.2
903   293   5.96   1.3   5.3
919   293   5.84   1.5   5.4
933   293   5.92   1.6   5.5
949   293   5.86   1.7   5.5
964   293   5.87   1.7   5.6
980   293   5.88   1.7   5.6
996   293   5.89   1.7   5.5
1010   293   5.9   1.5   5.4
1027   293   5.91   1.4   5.2
1043   293   5.86   1.2   5.1
1057   293   5.58   1   4.9
1073   294   5.38   0.6   4.6
1090   295   4.05   0.3   4.4
1106   295   3.22   -0.1   4.2
1120   296   2.38   -0.3   4
1135   296   1.54   -0.7   3.8
1151   296   1.4   -1   3.7
1165   296   1.26   -1.4   3.6
1181   297   1.2   -1.6   3.5
1198   297   1.2   -1.8   3.5
1214   297   1.13   -2.1   3.5
1228   297   1.13   -2.3   3.5
1247   297   1.13   -2.5   3.7
1263   297   1.14   -2.6   3.7
1279   297   1.14   -2.8   3.8
1293   297   1.14   -2.8   3.9
1310   297   1.07   -2.9   4
1324   297   1.07   -2.9   3.9
1342   297   1.15   -3.1   3.9
1358   297   1.15   -3.1   3.9
1374   297   1.15   -3.1   3.9
1389   297   1.15   -3.3   3.8
1405   297   1.08   -3.4   3.8
1421   298   0.94   -3.5   3.7
1437   298   0.72   -3.5   3.8
1454   298   0.65   -3.5   3.8
1470   299   0.65   -3.6   3.9
1486   299   0.66   -3.7   4
1502   299   0.66   -3.8   4.2
1519   299   0.66   -3.7   4.3
1535   299   0.66   -3.7   4.5
1551   299   0.66   -3.6   4.7
1567   299   0.66   -3.5   4.8
1583   300   0.66   -3.5   4.9
1600   300   0.67   -3.4   5
1616   300   0.74   -3.3   5.1
1632   300   0.74   -3.3   5.1
1646   301   0.67   -3.3   5
1663   301   0.67   -3.3   5
1679   301   0.67   -3.3   5
1695   301   0.67   -3.2   5
1711   302   0.67   -3.2   4.9
1728   302   0.68   -3.2   4.7
1744   302   0.68   -3.2   4.6
1760   302   0.68   -3.2   4.5
1777   302   0.68   -3.3   4.3
1793   303   0.61   -3.3   4.2
1809   303   0.53   -3.2   4
1825   303   0.46   -3.3   3.8
1844   304   0.46   -3.2   3.6
1860   304   0.3   -3.2   3.3
1876   304   0.31   -3.2   3.1
1893   304   0.31   -3.1   2.8
1909   305   0.46   -3.1   2.6
1925   305   0.46   -3   2.2
1942   305   0.46   -2.8   2.1
1958   305   0.54   -2.6   1.8
1974   305   0.54   -2.5   1.6
1993   305   0.62   -2.4   1.5
2009   305   0.85   -2.2   1.4
2023   305   1.09   -2   1.4
2037   305   1.25   -1.9   1.4
2052   305   1.41   -1.7   1.3
2068   305   1.41   -1.5   1.3
2084   306   1.33   -1.4   1.4
2100   306   1.34   -1.2   1.4
2115   306   1.26   -1.2   1.6
2129   306   1.26   -1.1   1.7
2145   306   1.26   -1.1   1.8
2164   306   1.27   -1   1.9
2180   306   1.19   -0.9   2
2194   306   1.19   -1   2.2
2212   306   1.19   -1   2.3
2228   306   1.2   -1   2.4
2247   306   1.2   -1   2.4
2263   306   1.2   -1   2.5
2346   306   1.29   -1.1   2.3
2425   307   1.23   -1   1.5
2505   307   1.15   -0.9   0.7
2592   307   1.17   -0.7   0.1
2674   307   1.09   -0.6   -0.1
2752   308   0.76   -0.4   0.2
2828   309   0.94   0.1   1.1
2906   309   0.78   0.9   1.9
2990   310   0.87   1.5   2.5
3068   309   1.06   2   3.1
3145   310   0.8   2.8   3.6
3223   311   0.45   3.8   3.7
3301   312   0.36   4.5   3.7
3384   313   0.28   4.4   3.5
3468   313   0.28   4   3.1
3541   314   0.28   4.2   2.8
3606   314   0.38   4.6   2.6
3680   314   0.38   5   2
3765   315   0.38   5.5   1.4
3845   315   0.39   6.4   0.9
3914   315   0.29   7.3   0.8
3979   315   0.39   8   1
4040   315   0.4   8.7   0.9
4116   315   0.4   9.2   0.6
4179   316   0.4   9.3   0.5
4233   316   0.41   9   0.2
4282   316   0.41   9.1   -0.5
4332   316   0.31   9.1   -0.8
4400   316   0.31   8.7   -1.2
4466   316   0.31   8.6   -1.5
4530   317   0.32   9.1   -1.6
