50.00     293.00      0.00       4.00       0.00
100.00     293.00      0.00       4.00       0.00
150.00     293.00      0.00       4.00       0.00
200.00     293.00      0.00       4.00       0.00
300.00     293.00      0.00       4.00       0.00
400.00     293.00      0.00       4.00       0.00
500.00     293.00      0.00       4.00       0.00
600.00     293.00       0.00       4.00       0.00
700.00     293.00       0.00       4.00       0.00
800.00     293.00       0.00       4.00       0.00
900.00     293.00       0.00       4.00       0.00
1000.00     293.00       0.00       4.00       0.00
1500.00     313.00       0.00       4.00       0.00
2000.00     333.00       0.00       4.00       0.00
3000.00     353.00       0.00       4.00       0.00
4000.00     373.00       0.00       4.00       0.00
~
