1000.00     305.00      14.00
   25.00     300.00      10.00       6.00       0.00
   75.00     300.00      10.00       6.00       0.00
  125.00     300.00      10.00       6.00       0.00
  175.00     300.00      10.00       6.00       0.00
  225.00     300.00      10.00       6.00       0.00
  275.00     300.00      10.00       6.00       0.00
  325.00     300.00      10.00       6.00       0.00
  375.00     300.00      10.00       6.00       0.00
  425.00     300.00      10.00       6.00       0.00
  475.00     300.00      10.00       6.00       0.00
  525.00     301.00       4.00       6.00       0.00
  575.00     301.40       4.00       6.00       0.00
  625.00     301.80       4.00       6.00       0.00
  675.00     302.20       4.00       6.00       0.00
  725.00     302.60       4.00       6.00       0.00
  775.00     303.00       4.00       6.00       0.00
  825.00     303.40       4.00       6.00       0.00
  875.00     303.80       4.00       6.00       0.00
  925.00     304.20       4.00       6.00       0.00
  975.00     304.60       4.00       6.00       0.00
 1025.00     305.00       4.00       6.00       0.00
 1075.00     305.40       4.00       6.00       0.00
 1125.00     305.80       4.00       6.00       0.00
 1175.00     306.20       4.00       6.00       0.00
 1225.00     306.60       4.00       6.00       0.00
 1275.00     307.00       4.00       6.00       0.00
 1325.00     307.40       4.00       6.00       0.00
 1375.00     307.80       4.00       6.00       0.00
 1425.00     308.20       4.00       6.00       0.00
 1475.00     308.60       4.00       6.00       0.00
 1525.00     309.00       4.00       6.00       0.00
 1575.00     309.40       4.00       6.00       0.00
 1625.00     309.80       4.00       6.00       0.00
 1675.00     310.20       4.00       6.00       0.00
 1725.00     310.60       4.00       6.00       0.00
 1775.00     311.00       4.00       6.00       0.00
 1825.00     311.40       4.00       6.00       0.00
 1875.00     311.80       4.00       6.00       0.00
 1925.00     312.20       4.00       6.00       0.00
 1975.00     312.60       4.00       6.00       0.00
 2025.00     313.00       4.00       6.00       0.00
 2500.00     315.00	  4.00	     6.00	0.00
 2500.00     317.00	  4.00	     6.00	0.00
 3500.00     319.00	  4.00	     6.00	0.00