1020	298	6.2		
62	299	6.22	-3.0	3.5
71	297	7.54	-2.2	1.5
85	294	6.32	-1.9	1.2
100	291	5.40	-1.8	1.3
113	291	5.56	-2.0	1.6
123	291	5.64	-2.1	1.8
136	291	5.61	-2.3	1.9
148	290	5.74	-2.5	2.0
163	290	5.63	-2.6	2.0
175	289	5.64	-2.8	2.1
188	289	5.73	-2.9	2.1
198	289	5.69	-3.0	2.0
209	289	5.62	-3.2	1.9
219	288	5.71	-3.3	1.7
227	288	5.71	-3.4	1.7
238	288	5.84	-3.5	1.5
246	288	5.93	-3.5	1.5
254	288	5.81	-3.5	1.4
265	288	5.78	-3.7	1.4
277	287	5.83	-3.7	1.4
290	287	5.80	-3.7	1.4
302	287	5.80	-3.8	1.4
315	287	5.77	-3.9	1.4
329	286	5.70	-4.0	1.4
344	286	5.79	-4.1	1.4
356	286	5.76	-4.2	1.4
369	286	5.77	-4.3	1.4
383	286	5.74	-4.4	1.4
396	285	5.79	-4.5	1.6
410	285	5.76	-4.6	1.6
427	285	5.81	-4.7	1.8
439	284	5.74	-4.7	1.9
454	284	5.71	-4.7	2.1
468	284	5.72	-4.8	2.3
480	283	5.68	-4.7	2.5
497	283	5.69	-4.6	2.8
513	283	5.59	-4.5	2.9
528	283	5.60	-4.4	3.1
542	283	5.69	-4.3	3.3
557	282	5.86	-4.1	3.4
573	282	5.71	-3.9	3.5
588	282	5.84	-3.7	3.6
600	282	5.93	-3.5	3.7
616	281	5.90	-3.3	3.7
631	281	6.08	-3.1	3.7
647	281	6.01	-2.9	3.8
664	280	6.06	-2.7	3.8
678	280	6.16	-2.5	3.8
695	280	6.13	-2.2	3.9
711	280	6.14	-2.0	3.9
727	279	6.11	-1.8	3.9
742	279	6.16	-1.5	3.9
758	279	6.22	-1.2	4.0
772	279	6.18	-0.9	4.1
789	278	6.15	-0.7	4.2
805	278	6.21	-0.5	4.3
822	278	6.09	-0.2	4.4
836	278	6.10	-0.1	4.5
852	277	5.99	0.2	4.6
869	277	6.08	0.3	4.7
885	277	6.05	0.5	4.8
901	276	6.02	0.7	4.9
918	276	5.86	0.8	5.0
934	276	5.88	1.0	5.1
950	276	6.01	1.1	5.2
965	276	5.94	1.3	5.3
981	275	5.87	1.5	5.4
995	275	5.92	1.6	5.5
1011	275	5.85	1.7	5.5
1026	274	5.86	1.7	5.6
1042	274	5.87	1.7	5.6
1058	274	5.88	1.7	5.5
1072	274	5.89	1.5	5.4
1089	273	5.90	1.4	5.2
1105	273	5.87	1.2	5.1
1119	273	5.56	1.0	4.9
1135	273	5.34	0.6	4.6
1152	273	4.06	0.3	4.4
1168	273	3.20	-0.1	4.2
1182	274	2.36	-0.3	4.0
1197	274	1.53	-0.7	3.8
1213	274	1.36	-1.0	3.7
1227	273	1.24	-1.4	3.6
1243	273	1.16	-1.6	3.5
1260	273	1.16	-1.8	3.5
1276	273	1.15	-2.1	3.5
1290	273	1.15	-2.3	3.5
1309	272	1.13	-2.5	3.7
1325	272	1.13	-2.6	3.7
1341	272	1.13	-2.8	3.8
1355	272	1.11	-2.8	3.9
1372	271	1.09	-2.9	4.0
1386	271	1.08	-2.9	3.9
1404	270	1.17	-3.1	3.9
1420	270	1.16	-3.1	3.9
1436	270	1.17	-3.1	3.9
1451	270	1.17	-3.3	3.8
1467	270	1.09	-3.4	3.8
1483	270	0.91	-3.5	3.7
1499	270	0.73	-3.5	3.8
1516	270	0.65	-3.5	3.8
1532	270	0.66	-3.6	3.9
1548	270	0.66	-3.7	4.0
1564	269	0.65	-3.8	4.2
1581	269	0.65	-3.7	4.3
1597	269	0.65	-3.7	4.5
1613	269	0.65	-3.6	4.7
1629	269	0.65	-3.5	4.8
1645	269	0.66	-3.5	4.9
1662	268	0.66	-3.4	5.0
1678	268	0.76	-3.3	5.1
1694	268	0.77	-3.3	5.1
1708	268	0.67	-3.3	5.0
1725	268	0.68	-3.3	5.0
1741	268	0.68	-3.3	5.0
1757	268	0.68	-3.2	5.0
1773	268	0.69	-3.2	4.9
1790	268	0.70	-3.2	4.7
1806	268	0.70	-3.2	4.6
1822	268	0.70	-3.2	4.5
1839	267	0.70	-3.3	4.3
1855	267	0.62	-3.3	4.2
1871	267	0.51	-3.2	4.0
1887	267	0.41	-3.3	3.8
1906	267	0.42	-3.2	3.6
1922	267	0.32	-3.2	3.3
1938	267	0.32	-3.2	3.1
1955	267	0.32	-3.1	2.8
1971	267	0.43	-3.1	2.6
1987	267	0.43	-3.0	2.2
2004	267	0.43	-2.8	2.1
2020	267	0.54	-2.6	1.8
2036	266	0.53	-2.5	1.6
2055	266	0.64	-2.4	1.5
2071	266	0.85	-2.2	1.4
2085	265	1.06	-2.0	1.4
2099	265	1.27	-1.9	1.4
2114	265	1.37	-1.7	1.3
2130	265	1.36	-1.5	1.3
2146	265	1.36	-1.4	1.4
2162	264	1.37	-1.2	1.4
2177	264	1.25	-1.2	1.6
2191	264	1.25	-1.1	1.7
2207	264	1.24	-1.1	1.8
2226	263	1.23	-1.0	1.9
2242	263	1.21	-0.9	2.0
2256	263	1.22	-1.0	2.2
2274	263	1.21	-1.0	2.3
2290	262	1.18	-1.0	2.4
2309	262	1.18	-1.0	2.4
2325	262	1.19	-1.0	2.5
2408	261	1.25	-1.1	2.3
2487	259	1.20	-1.0	1.5
2567	258	1.18	-0.9	0.7
2654	257	1.14	-0.7	0.1
2736	255	1.11	-0.6	-0.1
2814	255	0.76	-0.4	0.2
2890	254	0.92	0.1	1.1
2968	253	0.74	0.9	1.9
3052	251	0.89	1.5	2.5
3130	250	1.07	2.0	3.1
3207	249	0.84	2.8	3.6
3285	249	0.46	3.8	3.7
3363	248	0.31	4.5	3.7
3446	247	0.23	4.4	3.5
3530	246	0.23	4.0	3.1
3603	245	0.30	4.2	2.8
3668	244	0.37	4.6	2.6
3742	243	0.36	5.0	2.0
3827	242	0.35	5.5	1.4
3907	241	0.35	6.4	0.9
3976	240	0.33	7.3	0.8
4041	239	0.39	8.0	1.0
4102	237	0.37	8.7	0.9
4178	236	0.42	9.2	0.6
4241	236	0.41	9.3	0.5
4295	235	0.40	9.0	0.2
4344	234	0.40	9.1	-0.5
4394	233	0.33	9.1	-0.8
4462	232	0.32	8.7	-1.2
4528	231	0.31	8.6	-1.5
4592	230	0.36	9.1	-1.6