1020     298     0          
0	299	0.00	-1.3	1.5
9	297	0.00	-1.7	2.1
23	294	0.00	-2.2	2.6
38	291	0.00	-2.6	3.1
51	291	0.00	-2.6	3.1
61	291	0.00	-2.6	3.1
74	291	0.00	-2.6	3.1
86	290	0.00	-2.6	3.1
101	290	0.00	-2.6	3.1
113	289	0.00	-2.6	3.1
126	289	0.00	-2.6	3.1
136	289	0.00	-2.6	3.1
147	289	0.00	-2.6	3.1
157	288	0.00	-2.6	3.1
165	288	0.00	-2.6	3.1
176	288	0.00	-2.6	3.1
184	288	0.00	-2.6	3.1
192	288	0.00	-2.6	3.1
203	288	0.00	-2.6	3.1
215	287	0.00	-2.6	3.1
228	287	0.00	-2.6	3.1
240	287	0.00	-2.6	3.1
253	287	0.00	-2.6	3.1
267	286	0.00	-2.6	3.1
282	286	0.00	-2.6	3.1
294	286	0.00	-2.6	3.1
307	286	0.00	-2.6	3.1
321	286	0.00	-2.6	3.1
334	285	0.00	-2.6	3.1
348	285	0.00	-2.6	3.1
365	285	0.00	-2.6	3.1
377	284	0.00	-2.6	3.1
392	284	0.00	-2.6	3.1
406	284	0.00	-2.6	3.1
418	283	0.00	-2.6	3.1
435	283	0.00	-2.6	3.1
451	283	0.00	-2.6	3.1
466	283	0.00	-2.6	3.1
480	283	0.00	-2.6	3.1
495	282	0.00	-2.6	3.1
511	282	0.00	-2.6	3.1
526	282	0.00	-2.6	3.1
538	282	0.00	-2.6	3.1
554	281	0.00	-2.6	3.1
569	281	0.00	-2.6	3.1
585	281	0.00	-2.6	3.1
602	280	0.00	-2.6	3.1
616	280	0.00	-2.6	3.1
633	280	0.00	-2.6	3.1
649	280	0.00	-2.6	3.1
665	279	0.00	-2.6	3.1
680	279	0.00	-2.6	3.1
696	279	0.00	-2.6	3.1
710	279	0.00	-2.6	3.1
727	278	0.00	-2.6	3.1
743	278	0.00	-2.6	3.1
760	278	0.00	-2.6	3.1
774	278	0.00	-2.6	3.1
790	277	0.00	-2.6	3.1
807	277	0.00	-2.6	3.1
823	277	0.00	-2.6	3.1
839	276	0.00	-2.6	3.1
856	276	0.00	-2.6	3.1
872	276	0.00	-2.6	3.1
888	276	0.00	-2.6	3.1
903	276	0.00	-2.6	3.1
919	275	0.00	-2.6	3.1
933	275	0.00	-2.6	3.1
949	275	0.00	-2.6	3.1
964	274	0.00	-2.6	3.1
980	274	0.00	-2.6	3.1
996	274	0.00	-2.6	3.1
1010	274	0.00	-2.6	3.1
1027	273	0.00	-2.6	3.1
1043	273	0.00	-2.6	3.1
1057	273	0.00	-2.6	3.1
1073	273	0.00	-2.6	3.1
1090	273	0.00	-2.7	3.2
1106	273	0.00	-2.7	3.2
1120	274	0.00	-2.7	3.3
1135	274	0.00	-2.8	3.3
1151	274	0.00	-2.8	3.4
1165	273	0.00	-2.9	3.4
1181	273	0.00	-2.9	3.5
1198	273	0.00	-3.0	3.5
1214	273	0.00	-3.0	3.6
1228	273	0.00	-3.0	3.6
1247	272	0.00	-3.1	3.7
1263	272	0.00	-3.1	3.7
1279	272	0.00	-3.2	3.8
1293	272	0.00	-3.2	3.8
1310	271	0.00	-3.3	3.9
1324	271	0.00	-3.3	3.9
1342	270	0.00	-3.3	4.0
1358	270	0.00	-3.4	4.0
1374	270	0.00	-3.4	4.1
1389	270	0.00	-3.5	4.1
1405	270	0.00	-3.5	4.2
1421	270	0.00	-3.6	4.2
1437	270	0.00	-3.6	4.3
1454	270	0.00	-3.6	4.3
1470	270	0.00	-3.7	4.4
1486	270	0.00	-3.7	4.4
1502	269	0.00	-3.8	4.5
1519	269	0.00	-3.8	4.6
1535	269	0.00	-3.9	4.6
1551	269	0.00	-3.9	4.7
1567	269	0.00	-3.8	4.5
1583	269	0.00	-3.7	4.4
1600	268	0.00	-3.7	4.4
1616	268	0.00	-3.6	4.3
1632	268	0.00	-3.5	4.2
1646	268	0.00	-3.4	4.1
1663	268	0.00	-3.4	4.0
1679	268	0.00	-3.3	3.9
1695	268	0.00	-3.2	3.8
1711	268	0.00	-3.2	3.8
1728	268	0.00	-3.1	3.7
1744	268	0.00	-3.0	3.6
1760	268	0.00	-2.9	3.5
1777	267	0.00	-2.9	3.4
1793	267	0.00	-2.8	3.3
1809	267	0.00	-2.7	3.3
1825	267	0.00	-2.7	3.2
1844	267	0.00	-2.6	3.1
1860	267	0.00	-2.5	3.0
1876	267	0.00	-2.4	2.9
1893	267	0.00	-2.4	2.8
1909	267	0.00	-2.3	2.8
1925	267	0.00	-2.2	2.7
1942	267	0.00	-2.2	2.6
1958	267	0.00	-2.1	2.5
1974	266	0.00	-2.0	2.4
1993	266	0.00	-2.0	2.3
2009	266	0.00	-1.9	2.2
2023	265	0.00	-1.8	2.2
2037	265	0.00	-1.7	2.1
2052	265	0.00	-1.7	2.0
2068	265	0.00	-1.6	1.9
2084	265	0.00	-1.5	1.8
2100	264	0.00	-1.5	1.7
2115	264	0.00	-1.4	1.7
2129	264	0.00	-1.3	1.6
2145	264	0.00	-1.2	1.5
2164	263	0.00	-1.2	1.4
2180	263	0.00	-1.1	1.3
2194	263	0.00	-1.0	1.2
2212	263	0.00	-1.0	1.1
2228	262	0.00	-0.9	1.1
2247	262	0.00	-0.8	1.0
2263	262	0.00	-0.8	0.9
2346	261	0.00	-0.7	0.8
2425	259	0.00	-0.6	0.7
2505	258	0.00	-0.5	0.6
2592	257	0.00	-0.5	0.6
2674	255	0.00	-0.4	0.5
2752	255	0.00	-0.3	0.4
2828	254	0.00	-0.7	0.8
2906	253	0.00	-1.4	1.6
2990	251	0.00	-1.9	2.2
3068	250	0.00	-2.4	2.8
3145	249	0.00	-2.9	3.5
3223	249	0.00	-3.4	4.1
3301	248	0.00	-3.7	4.5
3384	247	0.00	-3.6	4.3
3468	246	0.00	-3.3	3.9
3541	245	0.00	-3.3	3.9
3606	244	0.00	-3.4	4.1
3680	243	0.00	-3.5	4.1
3765	242	0.00	-3.7	4.4
3845	241	0.00	-4.2	5.0
3914	240	0.00	-4.7	5.6
3979	239	0.00	-5.2	6.2
4040	237	0.00	-5.7	6.7
4116	236	0.00	-5.9	7.1
4179	236	0.00	-6.0	7.1
4233	235	0.00	-5.8	6.9
4282	234	0.00	-5.9	7.0
4332	233	0.00	-5.9	7.0
4400	232	0.00	-5.7	6.7
4466	231	0.00	-5.6	6.7
4530	230	0.00	-5.9	7.1