1020     298     0          
0     299     0     -3     3.5
9     297     0     -2.2     1.5
23     294     0     -1.9     1.2
38     291     0     -1.8     1.3
51     291     0     -2     1.6
61     291     0     -2.1     1.8
74     291     0     -2.3     1.9
86     290     0     -2.5     2
101     290     0     -2.6     2
113     289     0     -2.8     2.1
126     289     0     -2.9     2.1
136     289     0     -3     2
147     289     0     -3.2     1.9
157     288     0     -3.3     1.7
165     288     0     -3.4     1.7
176     288     0     -3.5     1.5
184     288     0     -3.5     1.5
192     288     0     -3.5     1.4
203     288     0     -3.7     1.4
215     287     0     -3.7     1.4
228     287     0     -3.7     1.4
240     287     0     -3.8     1.4
253     287     0     -3.9     1.4
267     286     0     -4     1.4
282     286     0     -4.1     1.4
294     286     0     -4.2     1.4
307     286     0     -4.3     1.4
321     286     0     -4.4     1.4
334     285     0     -4.5     1.6
348     285     0     -4.6     1.6
365     285     0     -4.7     1.8
377     284     0     -4.7     1.9
392     284     0     -4.7     2.1
406     284     0     -4.8     2.3
418     283     0     -4.7     2.5
435     283     0     -4.6     2.8
451     283     0     -4.5     2.9
466     283     0     -4.4     3.1
480     283     0     -4.3     3.3
495     282     0     -4.1     3.4
511     282     0     -3.9     3.5
526     282     0     -3.7     3.6
538     282     0     -3.5     3.7
554     281     0     -3.3     3.7
569     281     0     -3.1     3.7
585     281     0     -2.9     3.8
602     280     0     -2.7     3.8
616     280     0     -2.5     3.8
633     280     0     -2.2     3.9
649     280     0     -2     3.9
665     279     0     -1.8     3.9
680     279     0     -1.5     3.9
696     279     0     -1.2     4
710     279     0     -0.9     4.1
727     278     0     -0.7     4.2
743     278     0     -0.5     4.3
760     278     0     -0.2     4.4
774     278     0     -0.1     4.5
790     277     0     0.2     4.6
807     277     0     0.3     4.7
823     277     0     0.5     4.8
839     276     0     0.7     4.9
856     276     0     0.8     5
872     276     0     1     5.1
888     276     0     1.1     5.2
903     276     0     1.3     5.3
919     275     0     1.5     5.4
933     275     0     1.6     5.5
949     275     0     1.7     5.5
964     274     0     1.7     5.6
980     274     0     1.7     5.6
996     274     0     1.7     5.5
1010     274     0     1.5     5.4
1027     273     0     1.4     5.2
1043     273     0     1.2     5.1
1057     273     0     1     4.9
1073     273     0     0.6     4.6
1090     273     0     0.3     4.4
1106     273     0     -0.1     4.2
1120     274     0     -0.3     4
1135     274     0     -0.7     3.8
1151     274     0     -1     3.7
1165     273     0     -1.4     3.6
1181     273     0     -1.6     3.5
1198     273     0     -1.8     3.5
1214     273     0     -2.1     3.5
1228     273     0     -2.3     3.5
1247     272     0     -2.5     3.7
1263     272     0     -2.6     3.7
1279     272     0     -2.8     3.8
1293     272     0     -2.8     3.9
1310     271     0     -2.9     4
1324     271     0     -2.9     3.9
1342     270     0     -3.1     3.9
1358     270     0     -3.1     3.9
1374     270     0     -3.1     3.9
1389     270     0     -3.3     3.8
1405     270     0     -3.4     3.8
1421     270     0     -3.5     3.7
1437     270     0     -3.5     3.8
1454     270     0     -3.5     3.8
1470     270     0     -3.6     3.9
1486     270     0     -3.7     4
1502     269     0     -3.8     4.2
1519     269     0     -3.7     4.3
1535     269     0     -3.7     4.5
1551     269     0     -3.6     4.7
1567     269     0     -3.5     4.8
1583     269     0     -3.5     4.9
1600     268     0     -3.4     5
1616     268     0     -3.3     5.1
1632     268     0     -3.3     5.1
1646     268     0     -3.3     5
1663     268     0     -3.3     5
1679     268     0     -3.3     5
1695     268     0     -3.2     5
1711     268     0     -3.2     4.9
1728     268     0     -3.2     4.7
1744     268     0     -3.2     4.6
1760     268     0     -3.2     4.5
1777     267     0     -3.3     4.3
1793     267     0     -3.3     4.2
1809     267     0     -3.2     4
1825     267     0     -3.3     3.8
1844     267     0     -3.2     3.6
1860     267     0     -3.2     3.3
1876     267     0     -3.2     3.1
1893     267     0     -3.1     2.8
1909     267     0     -3.1     2.6
1925     267     0     -3     2.2
1942     267     0     -2.8     2.1
1958     267     0     -2.6     1.8
1974     266     0     -2.5     1.6
1993     266     0     -2.4     1.5
2009     266     0     -2.2     1.4
2023     265     0     -2     1.4
2037     265     0     -1.9     1.4
2052     265     0     -1.7     1.3
2068     265     0     -1.5     1.3
2084     265     0     -1.4     1.4
2100     264     0     -1.2     1.4
2115     264     0     -1.2     1.6
2129     264     0     -1.1     1.7
2145     264     0     -1.1     1.8
2164     263     0     -1     1.9
2180     263     0     -0.9     2
2194     263     0     -1     2.2
2212     263     0     -1     2.3
2228     262     0     -1     2.4
2247     262     0     -1     2.4
2263     262     0     -1     2.5
2346     261     0     -1.1     2.3
2425     259     0     -1     1.5
2505     258     0     -0.9     0.7
2592     257     0     -0.7     0.1
2674     255     0     -0.6     -0.1
2752     255     0     -0.4     0.2
2828     254     0     0.1     1.1
2906     253     0     0.9     1.9
2990     251     0     1.5     2.5
3068     250     0     2     3.1
3145     249     0     2.8     3.6
3223     249     0     3.8     3.7
3301     248     0     4.5     3.7
3384     247     0     4.4     3.5
3468     246     0     4     3.1
3541     245     0     4.2     2.8
3606     244     0     4.6     2.6
3680     243     0     5     2
3765     242     0     5.5     1.4
3845     241     0     6.4     0.9
3914     240     0     7.3     0.8
3979     239     0     8     1
4040     237     0     8.7     0.9
4116     236     0     9.2     0.6
4179     236     0     9.3     0.5
4233     235     0     9     0.2
4282     234     0     9.1     -0.5
4332     233     0     9.1     -0.8
4400     232     0     8.7     -1.2
4466     231     0     8.6     -1.5
4530     230     0     9.1     -1.6